41.1764812982484
44.0510170243215
43.8212061754894
43.7387643440161
41.5409579592546
40.4833426268306
44.4409102310325
44.8459137380813
41.8797687673941
40.3275375022521
43.1438109627925
40.4127648197211
40.1484362383536
41.30977810793
43.3693091721513
41.7899163800757
44.9542859250416
40.0998437116504
40.0471997001361
43.0196315710665
42.023891749559
41.4902331714984
40.6196679687127
44.3292255140841
43.9850095223792
40.8584818814383
40.2626864670281
44.4283097749576
41.6501973250507
41.0658541146972
40.4378556041047
43.7876403064001
43.1873535339027
41.0865034544497
43.7529835160405
40.1895514066665
40.2100391802378
42.3830290418118
42.9785333446722
41.7361682199407
41.4786384467403
40.1529644006229
44.9992778482433
41.6356176712094
42.0036888874083
40.4896833853053
30.2994205327705
44.0289656120427
44.9739613735196
42.4491124305136
41.1980243108701
43.7038775205885
43.4611488543315
40.0931876315735
44.4577507429719
42.9477617633529
44.7294363699799
44.6803221348485
41.4316082694483
40.4305099408638
43.295424528073
41.7320085067685
44.3121061427519
43.9654647232965
42.4363575456041
40.5311908367644
44.8277014069115
43.3905169938225
44.2834807273837
42.8528090804996
44.3883278972782
44.7635973743316
43.1339937006123
40.5076963221654
44.620403637206
32.4670720277354
40.5852248499418
42.2839418672923
42.1660196990706
44.9828530224628
40.7327962276501
41.1369292852677
42.6550288830323
42.6302461023442
42.8827020553582
40.1510527124628
41.9156727047414
40.30444211865
41.8725059868302
44.5178350887727
43.3530644352542
44.1792039736174
44.9955127237395
44.3028372328263
43.2340012537315
41.7404777639842
44.002572105758
44.9103881450814
44.4043383231947
44.0229271104929
41.2507047795334
41.8377101619262
40.0186701700377
40.6840157537521
41.4432541344668
43.0971090111416
41.7446393764112
40.4419399867766
42.901031013303
43.2893081667404
44.78937855519
42.4876924499707
40.1720573007272
40.8404076460283
40.0053742916189
40.7002504577395
41.758109820519
42.6465821790043
40.1134392093087
44.7366856399458
44.397113988897
43.5773876298144
41.74677206875
40.1716013543394
44.9885168997964
42.3017374135088
41.6983601282824
41.7442235464253
44.3119615195664
42.7287289628293
44.2610569448998
44.9283987654192
41.3877554667248
40.8373521897011
40.6350520794816
42.5344610852363
40.0564460700843
40.1929470333858
41.7906017077262
44.4910437486199
44.5336728961499
44.2749485136208
43.4189905531095
44.3181987900047
44.9840538491655
44.9734366300981
40.3124842406632
41.7752673199773
44.9884548711896
42.4780604972806
40.9175015459217
43.3611778818588
43.2941446765981
42.7580054232385
44.868726479717
41.936568801575
42.6674934581388
41.0367570270768
44.5151430822563
40.0126903866961
40.392035348608
41.5965266295561
43.5369620018173
44.9986811910126
40.4395992454429
41.2966019548085
31.6364209212618
30.2312900475226
24.2226215687792
41.6361783225968
40.756758546485
32.4995626089446
30.6314442897322
24.8309563174788
43.4346291948562
42.7174408417697
41.7747811237086
44.7523683216423
41.7419048068746
42.981758402467
42.1769267369932
40.2838389021626
40.8310704605759
44.3109885795697
42.9549114115071
41.2064445670694
44.0276579411118
41.8333975692253
40.1116458435761
43.4995247458573
40.1830805177781
44.8533328750636
40.7390125814619
44.7483415603385
41.5541245276227
40.0354202941245
41.297398072632
42.9203455825336
41.0998544630379
44.2008255621066
43.4429034338507
42.1153611061163
41.2663204794147
40.8057912966068
40.7578668748741
41.7825740133412
42.8740701261451
42.2595017017413
43.3523853568322
40.1091290945932
40.159634907598
44.5700531049685
40.8992597312783
40.3970607323572
41.6587344322501
42.9050340867106
40.5020209250506
44.153706652819
44.2736441118177
41.099567792844
41.0718448242411
44.9670206243172
40.6400396092919
40.9726432524621
41.6003897017799
43.3422840968706
42.2210964109672
40.2548875214447
42.7792495056082
43.2377014192753
40.6143236358184
42.0431533455849
42.9135476821102
42.4807465434234
43.7794845920719
42.9493915595283
24.3654358171166
16.7271472494832
40.4666843891181
40.5171810813977
40.583215200095
44.4690673972946
40.354020895862
41.1906439682795
41.0701466208701
43.6339412722737
41.3909373001661
43.7458405673067
40.0929994102882
40.1916233511072
41.0202834477492
40.5054228812557
42.132383564578
44.6586982638624
44.7129869699489
43.0926309444476
42.1277206040546
40.7396071986609
30.7858579717577
40.1196926642208
41.7015337313014
32.9425424011359
44.9881299324867
43.7679426104296
42.4532624720043
43.5928995280783
42.8264408081304
44.6913682529703
43.4513536469587
43.9893814877186
40.0204078504594
40.9437560608085
40.1683053125654
40.5590842577664
40.0440243549221
42.898030866978
40.5809930501725
40.642563838046
44.7559051575078
43.648900706321
41.8029872278271
40.5536739456372
40.8594472836801
41.8743059027474
44.487880672731
44.9436512042303
40.5276115867309
42.7562248392496
43.7632287044532
44.3637139908969
42.1272231731564
40.9298125653938
40.6106927490328
44.995289219529
32.2291335810442
43.8699368108064
44.017386657438
43.3444063930277
40.1426451851148
42.3411548217569
44.050450067458
42.6937320719134
40.5153760639496
41.702400414506
44.7577115593711
44.42196132345
40.2149075725956
42.7062139939684
44.8575025353296
44.5912262621239
43.7764252818395
44.4580785150174
43.4202366892714
40.2190040325289
44.8225775477294
41.6392009693664
40.3420408591515
42.7658681410308
40.2524920887685
32.9895997439082
31.5872974987094
31.5935005130596
44.9650937329746
40.8694580872543
40.6542714698859
44.2140990519603
44.2087395447593
41.8390603870977
43.6421298314832
44.9878844304476
40.5037403627108
44.9272204330819
43.3595541940258
44.0704864135478
41.8921047998737
44.7163534944411
32.2678010614331
40.5425797701986
42.1728118959983
43.6226640428948
41.5755845465226
41.865173988736
30.7914941762793
41.77643236375
41.7580723983701
44.753845668165
42.4224174313713
44.1878043816386
43.9809055822553
44.1969281272031
43.3945535687799
42.7285470335002
42.0912120328285
42.3285089672282
41.270496783373
41.9148568284392
40.238399883434
44.9683876277413
42.9449710431297
42.1099907951429
40.7148942234926
42.3174033261288
41.1666743612415
41.5502638127834
40.4126545753768
32.9920484253899
44.2049685877282
40.3670256455578
43.420561987441
42.3911789909471
42.7407197191124
42.0518106024448
44.1120438758208
43.0186846792674
43.8971953280569
44.4330208321446
40.4122811171692
40.8474617905449
42.4809594628818
42.0231567044751
43.0862141307159
43.3242457127199
44.882100996267
42.5243970064912
40.3368607948652
41.9666626573187
43.1925873516593
41.336845275946
44.7089501330568
44.5087836286141
43.2351007358435
41.9428966652393
40.2665774989873
40.2618114068173
31.8812121514094
40.3693686719951
44.9606202181894
41.194685163471
41.4425427262573
41.7774339811007
40.2596235706005
42.3072614461049
42.0897086141086
42.5732728064098
40.0143862169134
40.7083160508117
40.4371618740099
40.4269319906223
40.8525327489481
42.022823067382
41.8849774676835
42.5820078150236
30.3140186599921
43.2764729787596
42.5596808495941
40.7337058824487
44.5193486497737
44.774542964761
40.5111905012745
41.0197366157081
42.7132114255801
43.5991888466743
41.2254699563331
40.0638501496157
32.8399805899244
42.1570554375648
42.5290402001701
42.3755550582428
44.0537031996854
43.794222111036
43.986174034327
43.8170264909475
40.9216494284124
41.099758768687
41.139320726243
43.6423198424745
43.9142903843498
44.1062624966108
43.6394596198176
44.5966716902117
44.4311178485523
44.9756485004023
40.1776434332146
41.8718706844906
40.3125365511581
43.5126165603288
41.4620849678667
41.1111466298102
44.3768947653007
41.0226731005793
41.3973904459272
43.7321072278507
43.6386840229419
42.5021282525424
40.8664622087963
40.1266582675908
44.2190570221283
42.3614324335851
44.0948816831224
32.0446984646603
43.0288667637882
43.0959317635279
42.7337163303866
31.822412442416
40.9697684712955
40.5025014664809
43.0249540542383
44.8035282618566
31.7764303407166
40.7438414246965
43.8596732207131
42.9483755875845
44.3464028930799
41.0016181678907
44.8862037176267
40.5520282492812
40.903448673198
42.9842071033219
44.679906065491
44.6151684932437
43.2747683732305
43.9548931242207
42.6906991982833
43.5567947058007
44.7628011864005
41.9362628061256
44.7547815780117
40.0004404302553
41.2059720256366
44.276570630027
41.0793788443105
42.1680432150517
40.8561774424743
40.0467689725268
41.1202488758136
43.0537925885224
41.5034279623069
43.7102315598167
41.2646980203662
43.254295947263
42.4099053721875
44.699262464419
40.8464333158918
44.2888719709952
40.3090942232891
41.2772646639496
43.7934209559404
40.4701438672092
43.8385718277869
43.1689956393206
40.5894768214785
42.7221935675619
44.4691047045049
40.2251007856267
44.5098913254237
40.3423654043336
41.5892532643923
30.2019324707799
41.0739506271236
30.0197411044501
31.9573464899292
43.0218825423976
40.1253611365211
40.6200652731404
43.8626042423593
43.8381579634733
42.1193302640464
44.7865829162104
40.052462260044
40.2386399076267
44.9064903729595
44.3060332328307
41.6755947829103
40.248824810254
40.0923963970719
43.9997195435357
43.1866325298324
44.0885660535308
43.5883555529077
40.5601736515369
41.1376423635902
44.4879873492173
41.2145358789712
40.5815581323928
44.3947432516143
41.7134729647413
42.669686130248
40.9755289907741
41.9608429749496
44.9933905105419
40.9930360321844
43.5544465051498
41.3264861812
41.4509228862603
42.8873843072971
44.5896823750809
44.7763523791279
44.338844933091
44.9490768450778
40.5423545616213
44.6065688030062
43.709731673589
43.2697278979937
40.2218498871662
43.7703719653655
40.4684395027427
41.9870727090749
42.1525697303955
41.671707003843
41.9749549661821
43.8867777201255
40.3909730109848
40.2797834910281
32.4383062276543
42.2675386292394
44.7457425374108
40.7590262919815
42.4666553956922
40.1401991834138
41.1698670440819
42.783768252988
43.2525718177203
43.979469030432
43.6436170490924
40.0035680393179
44.0970683221491
40.5359876854345
44.4501254024736
40.2620466682242
43.0829782364589
43.4018414283609
41.7382563045248
41.1833095175593
40.1891419149899
44.0373114694376
40.2697771344284
43.6494676235482
42.3416746312285
41.2171834216396
43.6973415665258
44.701875156906
44.6617128247457
43.2914582995393
42.2587978746742
40.8981425450422
40.2178653925308
43.5707197351736
42.9183164972346
42.1685016674449
43.2778785738628
41.9913895358332
41.6825580759905
41.5061742952093
43.5713015609756
44.124732442433
42.3798803450403
43.0450953754994
42.3977612878662
41.1028560530394
41.0947422175762
43.6609969742968
40.8887834497328
43.5718231252427
44.3604590879672
40.8030925496694
42.3922882135274
43.216274935985
43.6432828821794
41.1884111573454
40.0862229113544
24.0147617744957
42.5765040173248
40.0233334593941
40.0449582445621
44.599389042712
40.3658253140748
44.4013125601345
41.7451796330868
41.2245012897416
43.7273741120484
40.0454969520539
43.160667940352
42.9128228197806
41.7366065015085
43.0167549210373
40.4147946008015
41.9620020011925
40.4238287103362
24.8542872060318
24.0012192026443
42.1024910960287
43.1144894938916
44.1033793821201
41.2591408241393
41.0622668717058
44.5324211338031
43.2198432716059
43.4485477826092
40.0835140282921
40.1436816214792
40.5048019829347
40.6602605543266
41.5544651155837
42.6958003373412
31.247821940342
24.8914307174234
43.5533889256362
40.3680555319912
40.9113270661328
40.1713953199602
41.1756575971718
43.4509958104407
44.3461977471277
42.3949262476526
42.9531459964346
41.5333029217115
43.1080450874288
43.9138562057633
43.8376042568096
40.7114236444016
40.4739065223839
24.7232691073631
41.733543339885
44.6344162942962
41.6971296931417
44.3032144755125
40.8425673784222
43.9987527832812
44.8583508418351
40.1891726139002
41.219133408304
44.1812813003
41.0386908028209
44.0642882953398
44.957792628388
44.5272908055786
42.5805009237956
44.8935409177221
42.2419687906997
44.1577867791057
44.7936503600795
41.6943516966421
42.6514781233568
40.3854389893159
42.5210554580959
44.7333157253222
42.7683190058451
40.0306396830934
11.8898236027319
40.8198495610526
44.4135762413498
42.1328546936701
43.127584902104
43.7777793528115
30.1039278795943
30.4201937704347
42.8795526647546
20.7466215859007
40.6902588712324
43.9027685606239
40.2432370933676
41.3526410595035
44.8299393402754
44.6725130446788
44.1799486643682
44.698050759444
44.7991162845539
42.6627406089261
44.749622922391
43.7391533388291
42.3629681929015
40.9187324657877
43.5903742998729
41.5496874123346
42.1476978560405
44.6110147086438
44.4020092314488
44.1288224801196
41.6539710623295
43.7177310281862
44.0724760786096
43.9975675531125
44.2431212787051
44.4722942417504
40.5206324602477
41.9638897303957
42.7093904583218
41.1995726787941
40.0478523796462
44.1780219401699
40.9782466604565
41.3131478673313
44.796762474536
41.6931288235691
43.1014647073009
43.3725989964215
40.0804779930536
44.061661974574
40.188941762317
43.8689933154864
40.3294668765739
42.4766870681196
40.0097882549744
40.0369206625014
31.9103789635812
21.7201117413185
44.7438011213671
44.0370377462378
43.4055446251296
42.5052877311341
41.9910918917738
32.2513189141173
41.1400572445243
42.5969760022409
42.5251704484638
41.9745920670064
40.7836203358602
