40.7563978560949
43.7487988995554
40.4096355717882
40.3993746949553
44.8123463992383
43.805819960529
44.467227392624
40.9694165507473
40.4716441848214
30.1554354128893
44.8552428759874
42.0834010152612
40.2988103342387
43.2160610019451
40.3527500805868
40.1045875430724
40.0205013575032
40.8550094660258
42.7021570818033
43.6902924319968
44.1456558811478
44.5639675231367
43.3602519214719
40.0748748903697
40.253695237916
44.3930627044039
40.0022900120748
40.0356849694267
42.6356806796813
42.818848015739
43.8932312369276
40.5272682150826
41.0337101656478
40.55933869211
41.567278623888
42.3403950256761
40.8822511430965
44.375710466411
44.992281217128
42.2716017694462
40.7167370198295
43.845855013933
44.1577740294505
43.9051186032946
44.1845502130484
44.3753389491776
44.0080052746586
42.8502583169013
42.0749200694263
40.3881500114221
24.4870165079197
40.4195173236076
42.2146436036564
32.9364929009627
40.2527529393434
44.750156339092
44.5653596922535
42.0337380398745
41.3456991517196
32.5792133552022
31.8718714860734
43.1871984117484
41.6148903945246
43.322560894303
44.6860880044675
41.1546697764286
44.605111559927
43.3809230991623
43.6924650992775
40.6128786306363
42.8992375436357
44.0554306528065
41.252397498828
40.655809607124
40.2858256490435
43.0106538745734
40.7577551085118
44.9130260063935
42.0032999174091
44.041673664487
40.2624977784251
44.5610755239613
40.818361547358
44.5048122303817
43.1351204798557
43.1225459871348
43.3357743563597
44.7074025711224
40.8347535005602
40.3765918599203
43.8106167304852
40.1105642865878
44.0246176091023
44.3125682910498
44.8873954226327
41.7398587541082
41.7446867469698
41.3264937675925
41.3864750764333
42.6095057453495
43.8026444532443
43.0570005920935
43.5409988301841
43.6650916747134
43.4556347150268
44.036116655916
41.132101601828
40.4223591508706
43.3518179639329
41.7830246404235
42.9946695836571
42.3593939336596
42.1960130159277
43.4064611600773
43.7572093727067
42.7086252847175
41.7114896655419
42.2509533639587
42.7752738179052
44.9823652841495
43.6946547484706
43.016439927186
44.2538940464146
42.9684104310857
40.9810752463762
41.9706978057426
40.2930868951834
42.2782730613835
44.6751969389152
40.2050221798361
44.7785845235921
44.3860056751351
44.9900649671189
40.8148261159658
44.0877871815591
42.6824303520999
42.4113753364047
42.067177395872
41.5166333710445
43.3164916970345
43.9987305446465
40.6753803191125
43.1337144698904
44.4589249984381
40.4904327838525
41.8276416382287
44.9773620111442
43.5360774657685
41.7613106913817
44.6141226203839
44.2585425273681
44.0498343796935
44.8537804856207
43.8788598565934
44.8681491229217
43.2979773206171
43.295899885417
43.2141446112655
42.685850671265
41.0873220104281
40.3267519223854
41.0363740237276
43.325105661713
41.6750252293925
43.9845336053986
43.9485983366476
40.0438846063288
40.2287163090512
41.2788278411608
40.5710568059477
44.8021579186886
44.9704763120932
40.6901834311429
42.4698800675295
41.4049243845511
44.2061028682614
44.0809689718299
42.5010303880872
40.7898096408087
40.0019545245046
44.2067966655078
42.8831564448774
40.0984958073688
42.2902740526479
40.097634507459
44.9673788777519
40.6718819744961
42.9881889428812
42.4696022275186
42.3573356692214
40.9529328171629
40.0070986838546
44.8266086426288
40.6197071063798
44.8800416057549
42.9219433618709
41.0265615634669
43.3802558732146
40.1626721478533
42.0245819611977
44.9887457732724
40.9596684767521
40.9208970204729
41.9273916786288
40.9725642718624
42.7370343036396
41.1171290915556
42.1569648765017
43.8505536144105
40.0243447969286
44.9266993897135
44.8713309655432
44.7204945804994
44.8092923196964
40.1645406277385
40.3783858602401
40.5861244890693
41.7167350764223
42.3438656027429
40.563956402859
40.6611663491092
42.4750898766321
44.2317570070736
44.8267053034548
41.0672357457224
41.2751924943644
42.7396594826132
44.5311868981469
44.9285066418815
43.9533876626588
44.4383406523303
43.0749899808517
43.4975436035511
41.243829596915
42.6010622642934
42.7068873195816
41.0449219415839
44.2796594905667
42.9766494599233
40.0755605602423
40.1816985277748
42.2657679460351
20.4699830892777
16.8120365173258
44.0979199367575
43.2308714551685
44.5010327128704
44.22545941416
44.5348364138044
40.7822115594528
32.6495865719258
21.3973686064128
30.0563310689566
32.1576586081646
40.1928362657782
40.6278913281858
40.8029492117513
40.1168084852773
44.7055524240867
42.4743837977763
41.770996920705
43.2213290256577
31.7505991755194
40.8964918118102
41.9069242352657
40.5070508178324
42.0105419213584
44.8455214104615
43.4654523330544
42.9996337475968
44.0535190876108
42.5718876345803
42.2784929415244
40.5910264697941
40.1443574334626
44.138340522768
44.84362583557
44.6470209504303
42.9280724951908
44.9024307841585
44.3830529972911
44.8756614439288
44.8206648947774
43.2060276871084
44.9949229214169
41.9352574885969
44.5757499875669
40.1021812998633
41.494570823852
41.6112820243601
42.9975726771462
44.6341744428586
44.1536128870212
44.1489588359133
41.5271333815381
41.1557416815776
42.2068744676113
42.1353661565203
40.3771562057676
41.5191489370432
43.8286260724999
43.4186486332139
42.9122548317537
40.593345544413
43.751135179773
41.0355315170485
44.1558917006478
40.9358407044591
40.5313690838082
43.7069861576314
40.5038634245284
41.7502592981327
43.382027003716
41.5235141443554
43.0648857426456
40.9546504539325
41.1093462930699
43.4075528362124
40.6658106551822
40.7705449478506
40.2607756523102
40.381095550812
40.0763087332133
40.1603907271841
42.1518824144856
40.0052836842493
32.3409524685703
32.5575067184219
32.7179508409828
24.1830976429922
43.5475214869396
42.9702642187476
43.3324713172864
40.9165768999421
44.9375025410889
40.9132783148468
44.6056160831358
44.5768268800205
44.6671587380767
44.5363765185496
44.3290743196849
44.8652568217177
42.4964339005119
40.0107734209813
44.6559112127926
43.606579265245
41.7082972899768
42.8400826149015
41.1580134229887
40.5090056645647
41.0515036490404
44.6734501487773
40.4958148564173
41.1799807798715
42.3989088184507
42.4910213056807
40.9339345584158
44.5574250088059
40.2859795918651
41.2181754515041
40.0779467343818
42.7418302244041
23.1614698741539
23.6644378111224
44.6878753736857
40.1103920124034
41.1247074860582
42.6587210339494
41.8099332635757
44.7828623481151
41.6989371346406
40.1126408053689
41.3733492861314
44.8184307259896
41.7498795164283
42.0943711199751
43.0690253479804
40.2588993124664
42.5585379952099
40.2248520764988
41.7670769675169
41.2040923030719
40.1247944054948
40.3974958280667
30.6386486702894
44.3739790097639
43.6012644588482
43.0097242499844
41.2024041288532
40.0697519417126
41.9078729231842
43.4866166989248
44.3502893142166
40.1729363913045
42.2264759245812
40.1068641696276
42.8618759926026
44.1541563317148
44.9991152748715
42.7023917666608
43.4538092318555
40.5039709724952
40.9508646495676
41.9204602856189
42.7722044525385
43.2216023595538
44.580073399674
43.0683908797801
43.1084165113124
44.3784897267649
41.9381644417698
42.4646211159416
40.3255236728384
40.7207819264028
43.7683169462717
41.4341800491738
44.4834009622967
42.8540048279478
44.737076576572
44.2160966160723
40.744771167035
40.5799924151506
40.8474381763988
41.9468007085379
44.5134850079194
43.0094377964269
41.871521380351
40.431279244367
41.0559274582573
44.7912509068175
40.2297226918614
43.9467565366067
44.4078537505873
40.2673869003571
41.7933694709813
44.827400703454
44.7047641447639
43.5979760373279
42.1680766176348
44.2628034428954
44.7843923208045
42.1290835573612
43.8903720711824
44.955033970361
44.9852730585965
43.9686693608661
44.0358793665123
40.5304481854495
44.7443799551885
43.9953566344421
44.2885960371556
40.0644650422322
41.7677373159449
41.7447758125899
43.2274286037205
40.6393851935553
23.6711805340238
42.8174613144245
40.6027329597695
30.056567839574
41.1471907271606
42.0610878482241
44.0582988388486
32.4538028180217
40.4940916104461
42.552246484021
43.8127047992345
42.1869817425335
42.1482399129309
43.6618200487077
41.6591574670747
44.9916221950392
40.9841977967881
40.0776788083172
44.7420941360718
43.4864029493427
43.2026253290494
40.6204214314834
40.5910075520191
40.5232057865347
44.9062629372941
41.1147377174348
31.6796789525618
31.5237498139031
44.7499021259136
44.7210787080284
42.8046320122667
43.1459124353016
42.6146328472816
40.6841306970455
42.2992319124751
40.6141705625506
40.6249125414804
44.3731865401161
41.5202305000275
43.8913762380323
40.6782006953914
40.8423847719072
40.0908013153821
42.7962148236111
43.3594677388449
41.5469924089362
43.7988802401922
43.6212105618324
42.7597669861279
40.4419569780338
44.9535986866512
42.0319989684504
44.9229277484512
40.0232190162159
42.0015346945729
40.1859760640674
40.1069153867286
30.183353559114
43.8996257890845
43.3496322519727
40.0568459591403
44.7832479734444
44.135324629841
44.9941861635517
44.8516200733211
44.8260499564238
44.5673542847169
40.8825163450092
42.2861928597558
42.6717204624401
42.2615424031392
40.8591795570911
41.0673552533062
43.4869140059506
40.9479898967688
42.9475060382384
42.9698854277376
42.2943797505929
42.107102109585
43.8142395962495
40.1109293150271
40.0642491400525
40.754431718468
40.4134239126377
42.5604166400298
43.4809979628871
44.2972149346362
40.2228585706912
41.9330901501235
40.4138399177824
42.0157179190478
44.2083939603702
43.2448386179749
44.6698242989482
41.4392610236577
42.2630326624712
42.9272729828385
40.1235030672979
40.2357932842955
42.9527657489745
44.7787627758936
40.6689300038852
44.2787274290209
44.0641463164561
41.8787057441659
40.3274564486607
43.2264905178454
40.415422283976
44.7327338171366
44.1414923872799
41.9995928100664
40.1439631544054
42.8406536998227
42.705194128581
44.848988812097
43.9244562422391
40.1431828306522
41.7115252998253
42.623090094793
44.9813197727843
44.9463621968852
42.9145605289847
41.8504598665526
42.3779719904996
44.7433082883414
44.3436089621074
42.8228977692716
44.6139555103815
40.5297445051902
40.2627069663869
44.8439593869261
42.6671556349634
41.6343962936662
43.1032294159988
44.8807951588924
43.5419793089386
42.080641986427
43.2130394410623
41.2890338839892
43.8743566049534
32.1465168411378
40.6566827918869
31.3702175805811
40.1359264562832
42.4349508888554
42.9454859822661
40.5243465718241
44.9101093429306
44.1842898707254
42.6131156273186
40.2692944286671
42.7705589646939
40.6083201476526
40.0263039989554
43.7030603655148
44.6904662154213
40.4035437181601
40.467762995977
40.47220888714
40.1531628900841
44.6133429871406
43.9642483445558
40.1371817132837
42.73733528913
43.875533477431
44.9211405322421
40.4928878558112
40.1229188218713
43.8911693739789
40.3662372156595
43.8665407104418
42.4328473361675
32.2368240072392
32.8648089510793
41.3996998557368
41.970450838297
41.640257201124
44.4117719563656
40.994248718489
42.082408560935
40.0484039147119
40.8025279847144
40.5027791836773
40.6991165597579
11.925632561876
20.6115720830205
23.1253123100706
30.6625815631858
32.7694054352117
40.2842468696424
41.8845344567671
40.0493384399743
41.1581835069228
43.2584779120887
43.1686154651389
40.2170146301697
43.3472301170696
42.3915780172683
40.1168213792304
44.9300612285499
44.4031884186894
43.7746785565403
44.7829635944506
41.1540100307888
41.6638568033471
40.6723463410348
40.4436107638552
41.6922239842266
40.0963934830644
41.3603081378339
40.7049532192169
43.8542888184398
43.1165499882049
44.196675653572
44.8757893664531
41.0544281756478
40.1108191088999
41.0113880376312
43.4641954282938
40.3187498963509
43.6687744117808
40.853816093877
43.6366595024349
43.5244774204555
40.5139446498188
41.930906580683
40.470679781889
44.5920919281495
43.1771689473923
43.8916398852598
44.1284699078492
44.0294542531788
40.936640769305
44.8844749926354
43.1730148661882
44.154252384139
42.0277973560616
42.1938982256298
44.3927692784928
43.4229452022082
43.9303177572037
44.2038971802685
44.8228087562364
40.0020236399635
43.3476399362553
43.8601535828878
40.4858984603766
42.2130749297228
44.1904543526471
44.002812473464
41.8156248988865
40.5384811737006
41.6434007550532
40.4867393859899
40.0333945969347
43.9666546657255
44.9678957806515
40.5766404502433
43.8933410221844
44.9668608214106
43.4874075963929
43.913193212089
42.7176968399185
44.9457944904004
40.931920081608
44.8649399306642
43.5710813291371
40.7260357786436
44.419998719216
41.0050170868275
42.9445858940016
41.6747623748395
41.3448626301523
41.8118178949226
42.1168461226696
40.4172662977502
44.4576192935751
44.956681081315
43.8359597534873
44.7468739945265
43.9757645502687
44.7376749326941
42.1136735319632
43.3446532452737
43.3872031817747
42.7183525218971
44.5859148318414
41.1959934169477
41.7813751373996
44.0952571912711
40.0071355799636
42.1259598544891
44.3392325117327
44.9070762660913
41.2856659677345
41.6284559876658
41.2502692777937
40.0153817059791
44.009467212158
44.3669693890774
43.6877735378221
40.2010930094784
43.1184996967204
44.9672565309193
43.3417340015811
40.0169168397519
40.1786535652274
44.7441153734122
43.1231143074019
44.9988566210579
44.79542324219
44.679008515086
44.7883374407688
42.5643061650594
42.6178987056371
40.0512884101701
41.5332977077924
43.1463515203766
40.5032138006189
40.3180442361446
43.5658168866779
42.085502556059
43.8921165571082
44.0930513054015
44.5586329934791
41.9021895375888
44.8759266497508
44.5880756049883
41.0631096064373
40.9626746166032
43.5537808202207
41.2273914611433
43.741321937164
40.4504083551001
41.730076194508
40.229875907405
40.206862508665
43.2075561722741
42.0762736016913
40.085850384541
42.6648021947959
42.2406145586269
44.0335628035521
44.5919480705601
41.9364087609574
44.8959401694357
42.8163105051499
42.5224022419674
41.4901841684742
43.1898952648044
40.1352881160062
30.9726957455277
31.4491019302464
44.9029389314819
41.2321185889843
42.1129138002433
40.2938858175185
44.8071492108974
42.7533687069109
31.2665035268292
22.2128823731655
40.1274808009028
30.9416346922517
41.0356336564291
32.2307300814427
30.9549904859159
44.6604538487736
40.0774458504809
43.1574782018456
44.8973350419271
44.9884492261189
43.8460302853491
42.2662352374755
40.6956678514252
40.479971178253
41.8989271711089
40.2721408232682
30.4784372015856
40.0352092223715
44.9142728031075
44.9811513812184
44.690612318371
42.5494878564496
40.0365991692524
41.1365211335942
44.8058357507018
42.6186111982401
40.4329039596185
40.042677268151
42.7264323877069
43.4352497198859
41.7034084899841
40.9251902418155
42.4658057605848
42.6980912638828
40.4089809063785
43.054518972607
40.8105391545887
40.1932534171177
42.2257468780064
43.8768544514945
