42.7610283249493
41.2319896975532
42.3390063781308
44.4190794627864
44.7982555649469
44.4362659212816
40.9646238200251
41.8968510641794
43.8136131144131
41.4957550825
44.5072142892922
44.9095685881653
40.959758615134
43.8349332776852
40.243896950275
41.0259622039178
42.1026757231448
43.2534050871618
41.8996558448319
40.0113081320378
43.5212948650587
40.5231964285485
41.5633741789497
44.9699924609267
42.3132793633372
43.2280460372567
44.9644799472439
40.5544307432137
44.3795009624682
42.4755822463836
41.8781345987562
41.0147644257727
40.1850723884901
40.6374291787425
40.6189150797469
42.2374309980034
44.5869090012275
41.2074827022723
44.5709623326984
44.4852119544636
42.460277316859
43.9169310249367
40.2337256201357
41.0482211359731
44.9026188588843
44.610195970637
43.0647922021767
41.8963754580142
44.8144465154384
44.8743712248315
40.9455128859558
40.747704213718
41.6422601288275
40.0024100528641
40.2366909145802
43.6687595094554
41.8059136819886
42.7445230644662
42.707846042242
44.9919890256507
43.4388584296444
42.669987406116
40.3823122417089
41.5300443666697
40.4854355111256
40.8010725211064
30.8986343771685
42.3379678486636
42.3496580634683
44.6896932298317
44.7234066255922
44.9046154567636
44.9606679705113
41.7244183647953
41.2050678103697
42.5686981761828
41.6027734662198
43.8187594501546
43.039395222987
40.673262050841
40.3989064228088
40.7134747071746
44.8132387206922
44.2683575478478
42.6277018213055
40.2102937942988
41.8901671702042
43.5225309897832
44.9837654537987
44.6229777945731
44.5573396698122
44.3588500811111
40.7771625625901
40.9210320173068
41.4713019229707
40.8152086254201
41.9292006701685
41.5535194490201
42.0659857045393
42.1345690897404
42.3411346538353
40.0953015017848
43.3573667716701
44.3408849979093
41.4942759159308
43.9722747586937
40.2276164712384
40.8845148840919
44.2613332614818
41.1896297108263
41.2554818415083
31.064257283695
41.3457422284409
43.8852078296511
44.4919347335413
43.8972611558114
41.4446331682729
41.5302377082205
43.0433616619747
44.2041871759796
40.1064699309366
40.2761363686507
40.0650170190345
32.0812884030086
20.4100387480079
30.6555400171783
40.5118214232754
42.4822819240173
44.2672786675394
43.3353480475489
44.6992797464919
41.535731223427
42.0542969822418
43.0194599966306
44.4202284804011
40.2335862858831
41.129151376869
44.9872829200842
42.2042676273637
44.543864094443
43.8811296861316
44.7073655798724
43.8077707239816
40.1924141289071
40.1037218105823
44.5982616464607
42.0039391083032
43.4764477072234
40.6407742353622
44.8451849984023
42.7748853934463
44.9364113598131
40.9141152936395
42.044227733522
40.4528450814541
40.079816371299
40.3302075107996
43.7250342385755
44.6642734541092
41.3940506929066
44.4464708114665
40.2874067840839
43.6175951350015
40.6181584655753
40.7057457972832
44.6505530473898
43.7726185053409
44.8022328173716
43.2590513796105
22.44137068083
41.6031200210144
40.1688611249636
41.7744610289843
42.2468857843918
40.644513114759
44.8664967287249
44.7224449400419
43.0850135500077
44.4678452997889
44.6104199124966
42.4261770090868
42.8069062107108
40.0029971491242
40.1407971275381
44.3366175810901
43.5560154081321
43.0909584201527
44.8633010669764
40.4985567159019
40.1019463257398
42.1178812395486
43.5301258655817
43.5121298920508
41.8330607539974
43.0140362597349
43.1273732080536
40.0275792936431
42.025768753208
44.62036341778
42.0877765062727
44.9828787601043
24.6528846904882
44.713409596276
43.2487994724882
40.0906864848758
43.4989825019147
44.112618182553
44.2251636390574
40.8828090837849
44.0604291949421
41.9635093670794
42.7250700711738
43.1036188814323
43.9315914113105
43.5451178217772
43.7889533725989
42.8855659207329
44.6653109897063
40.4847155823411
41.7827533429954
41.0566353815951
41.9615284078261
42.8880305657762
40.579440277813
42.5719492926765
40.5621646682024
44.5240696874768
43.4110441225576
40.1902422950663
40.4291392652718
43.5567722993437
41.644489960745
44.9605943118969
42.186288946541
40.9537377918605
42.7474861531766
43.1677646760363
44.1571016841263
40.7540234527551
42.5373968388885
43.8562360229461
30.5914641581329
40.438623039829
40.6739020119107
44.4307886819646
44.5066658477299
44.805877919939
40.7637378456519
41.9123859854881
41.2252081130162
44.7766420326661
40.3477956401184
44.3887226667721
44.5081633547921
41.4819138171151
42.4330887481919
40.0245163376034
42.3320481708398
44.436734457356
44.6767056676517
41.6380992217455
42.7691356965806
40.6595962464219
41.0759041120764
40.4102188767865
40.5391650343804
43.3927650090519
44.1366458312891
44.6724068385602
44.1621573615894
43.7679772969668
40.7191074466461
41.8009196030252
43.8292031560559
40.4312620927476
42.1031618583279
42.103278857916
41.8850849943076
44.6514157334507
44.8174151548964
40.3828377034085
44.3193424597848
40.8468502653031
30.6855987617746
42.4050463817548
43.2682693779228
42.1733051131014
41.3647071497299
41.4856276359666
44.2285365785938
40.4944118356798
40.480482627172
43.0526412794649
41.5069148462731
43.7407354626339
43.6438291312743
43.7988918635529
41.9698561984454
40.155505336229
40.7257714215666
43.3783865214265
44.5813233035367
43.9423334154096
40.1689873616322
40.3367471275851
43.6852592710963
40.1992963266617
42.2290687598581
40.6166662624925
43.2194646809439
44.6952822960654
40.9892696188763
44.861946136225
41.1403753543814
44.4710165260614
44.910658189748
43.9773371792398
44.411416307364
40.6202262502702
42.1310372078996
31.1165905322414
42.0914426036285
41.2584959322037
42.8178815427236
40.9996838821098
41.5438569616526
40.9156796158875
40.5284452488799
24.7319233906799
23.1190474150937
43.5956826597194
41.2519216258079
30.6749240357894
41.1423658325501
41.0061887826305
43.0719476324847
42.0689371833578
41.6936445561846
40.5417181188887
42.1584439726748
44.5736729050944
40.2158489457103
44.4226146023192
42.4457615955784
41.2452242313884
42.4818544611878
40.422547278961
43.9403745235096
43.5834920430739
40.0452918080896
42.279061036773
43.7522520193992
44.9334296704058
44.3308369072989
44.5621150550743
43.6238342802972
44.2832131356404
43.4955190818217
23.3079746526321
43.5715496081069
44.1892317925605
44.8334260121919
44.9337415653281
41.4728889313656
40.8866201461609
44.3685803058064
44.9766251317661
40.6344250659458
43.7658881937898
44.283816475654
41.3761245878134
44.3581721150964
40.0673356233165
44.6754245942511
42.7077261085098
44.615230922181
42.9738027579151
40.8120795700233
43.1656434897325
41.3748112356044
40.4636293240475
40.0123635845757
42.2231831397569
31.2752617711667
40.6689693708904
41.8032497545157
42.2643172628465
41.6506186091899
42.2041809870305
42.2564657725153
43.8211993031465
44.0656045571564
44.8931115724418
40.2060777670704
44.3233407714015
41.5416928066406
40.2622727023193
40.5007199533165
42.828189959837
42.6717770018149
43.2915037837337
44.9671875795392
44.9995615879525
42.7472992164542
40.180669024121
40.944541229098
42.8904208153469
44.0669279800929
40.8310578674841
40.3352110887618
44.2074868665077
44.8879058012021
43.3738146314863
40.8090858673677
40.9698485024273
43.3331909162731
44.1819294164599
44.1999763259782
41.0188905721328
40.651013545993
42.6745398838794
40.0356421620088
43.6195156432223
43.3881934708916
44.7192425999654
42.4268041187471
40.1354904679098
40.0771964457817
44.3080357093232
43.677050263372
44.0396444240801
42.5709521687297
43.0083774440453
43.8750537508167
44.743809799886
40.0352682451388
40.2784489210546
43.4900107409339
40.1549654007106
43.9382900763303
43.9655350823887
44.684601191258
44.5568037200555
42.2375098710102
42.6137519475291
42.1638392136125
43.8098014506977
42.7028263744432
44.7202124861938
44.5195639872082
43.2310368641908
41.0300294928268
42.3884456916662
44.8298472108997
44.2869091453031
40.526494860502
42.863284204257
41.6282739852671
43.3753716142382
40.9078349522315
40.9277938359083
43.1749458355831
40.1208096376612
41.4234443265013
41.5110338886734
42.2279149583417
44.8062560211683
44.2182358796708
43.6400832328945
40.1601242389825
40.3398544773437
31.9220735767998
41.3496500184262
40.5608030905004
40.0982047154948
44.7712080151829
42.6102792403713
40.4723994472847
43.1043654493874
40.5309781484908
40.1037995273225
43.0371752002221
44.3305951170623
41.534939592466
42.5822854985017
42.1856563934125
43.9254781522322
41.4153060015491
43.0319937279272
40.3554720230169
40.2358267855148
41.1290910164826
41.3841876212973
40.5124619428534
44.0451070560451
40.9767145788922
44.2768728616489
44.2927378897621
41.1041034731929
42.8389271366385
40.081739703767
41.0326037801525
40.103177161585
40.9671695550475
42.8498483660696
43.8088978605811
44.4555375936008
40.8910400862806
41.2370856523198
41.8034368858994
44.8515732024847
43.0819595215971
43.3049357580201
44.0069972258842
42.4942120493405
40.2047894732731
40.8498540950266
44.3244060539061
44.9742870184965
44.8224828854218
42.6561247672578
42.9503752056907
40.9102629296911
40.925299089484
44.5720154850466
40.1403636473513
40.4491467262965
44.3905767400439
40.7454329975412
40.4042275609623
43.8845594849787
44.5268229426639
41.6044677165337
43.9837838148342
43.6359208028494
44.7210674175132
44.6139163305167
40.390072650582
41.6849531693181
41.6989329572275
40.0904491720719
40.1663383406888
40.8595193461309
42.6974443695508
41.2745768498813
30.4863792511013
30.0560099850409
41.6410457993441
40.423739470887
40.3354537884351
31.3700474750004
43.6759062479165
41.7925104591995
40.367363382234
44.7073606040794
41.9934831358382
43.8288228295278
41.288038068451
40.0632053342213
43.7064038682729
44.6135485870764
43.5717622749273
42.7390907182704
43.7710524381228
42.5640187364921
43.3605604784166
42.6314742444083
44.3927336021086
43.007030201843
40.0999125628732
44.9954041858101
44.5786066899547
41.9352505949735
44.405493948143
43.6704624595586
42.8825437854086
40.6275278275174
42.1889140114057
44.9784327578514
44.2702373685794
44.0549875432484
43.6760438965677
44.0480676269032
44.357188553736
44.9103274369132
41.9687998885737
41.6576664308838
44.9997222217436
43.347724811174
42.8572136617731
42.4532751099929
44.3964459463811
43.9129868510645
44.7150551210302
44.8669833805841
41.584764937148
44.5903500670101
42.9906887838774
41.5822254098745
43.0882631172426
43.0678164280783
43.8403364435707
41.6181421718764
43.0416424188297
44.5496988960076
40.3941864729859
42.0428259915207
40.4021969883079
44.9498380487785
44.8538931582972
43.5168108867947
42.7755246918915
42.0003880511048
43.8574603191783
44.4403697756686
40.9111965641529
42.3770251846872
44.7760401829146
44.8322572893861
44.2112440253262
41.0822505589339
42.7819519655451
41.846395698376
44.9452594543128
44.5491119465747
42.1164631688587
40.0424044803623
44.1471134526992
40.6021576821899
43.6121329064478
44.491500146687
42.9513359743475
42.2846114195466
40.6473768968782
44.1307990008499
40.9881658985757
40.8327417909181
40.8820868258183
42.7929451700766
40.7253205007873
44.5133986037991
40.1527092833046
40.0296347333397
40.0758365435941
41.4840496051307
43.1030063494109
44.9762008630205
43.3272597916237
44.144317886521
44.2589320882689
41.4633121131919
42.459223956803
41.6659160801637
40.5175593676027
44.4039578299422
40.3375576760322
43.9971329836914
41.8359760101885
43.5772410360485
43.2524039606481
44.6819008973583
43.3277644872184
43.9684570362616
44.1525086773121
43.5101169603877
44.8425986434783
44.5780511188786
44.1955707757734
41.9847090247395
41.1648246149179
40.0587488339224
41.1089031681032
41.35728113821
44.1933197621256
40.0663514216928
42.1048670203891
44.6849400102197
41.9388630997855
43.8523229618639
44.8970268157524
40.3932968843933
40.545277122165
40.756876244658
41.3959791430396
44.7784797148779
42.6943070847679
43.3334213785592
44.8541122477036
42.3828106524888
42.1772081922952
43.6739784200718
44.7586581782459
44.5847288932502
42.6757247269095
40.0344004453005
41.7901219835738
40.4955218778923
43.0692323581415
44.6928541586168
41.5808593749534
40.8219581176453
44.5527042101714
43.8183657017524
43.5895129048731
43.2594131864607
40.0095609714681
40.022958209157
42.2782714210916
41.056684929796
44.2086479372673
40.4907675309459
44.8446390460055
41.6344774430343
43.2258759567048
44.1148092388175
42.3413844208699
41.9217460043728
42.7130465093069
44.8961854134528
41.1223708800828
40.1431498391137
41.8199256400112
41.0444631357677
40.4738744551682
41.7002815904561
42.0713310050752
44.6221971174236
40.9658415449947
40.2823902311182
43.3534867770504
41.5944119554479
40.1247560482793
43.5337757249363
42.727293320069
40.4184273420833
43.6870240804274
42.9342567210551
43.5449188773055
42.2647818326471
43.1267752956675
43.3496980675128
43.9358458132483
41.8234638770271
42.8022375790821
43.2406772478192
40.168193251119
41.8553280644119
43.2888895325205
43.1767223030329
44.3273056763866
44.8813566297758
41.4641142622505
40.7653693841323
41.8244271876756
44.6240097901318
42.1716863485859
43.3009183353511
43.2487444386306
41.8590104020454
42.6851032685954
43.6428836304453
41.5412524119891
42.6989104936365
41.5956405834373
43.7020220141858
40.0097237565147
31.6595653707627
41.4556261815596
41.7530403425917
40.0047891537468
42.4527772639522
44.4896927341356
42.7528520955222
43.172914750174
43.6427323738075
43.1832747451209
43.922076607181
43.0008456855878
42.3639258857359
44.9778348258518
40.6935788562987
41.8419774947688
40.0193191609875
44.8447779081704
40.202302975321
43.4856088878482
40.4048501106445
42.2091034054756
42.8171920384291
43.1984578981064
40.1197506271484
41.4507366903589
42.8484257336481
44.864630418805
40.0727209469513
40.7801282161381
43.7938293546341
41.4736586434404
43.6160898825292
43.0423124633471
44.5138578611036
42.0891079935245
44.1634968177314
43.9668950229545
43.4180473885093
42.6986440928809
41.3538206353212
42.7504547697026
42.5210310984403
43.6250076541572
41.9059161597397
44.8313230911006
41.8860487215593
44.9589668895357
40.4132603713746
40.2179749982186
40.7801916555036
40.1525196539518
40.0786866806452
40.4556961997878
43.0097529804743
43.6670631170273
40.2322838817353
40.7331947027624
43.3498878772213
30.3335311710962
43.8086469017435
40.2519783816935
40.0209639420728
42.225545339752
40.8217772372302
42.0539140945108
44.9930466384193
40.1165286334083
40.4229875875171
42.3024692991748
30.9144492179621
40.5325134379924
31.1219948048238
43.2377352860245
41.4826345254923
43.3169585510907
44.76747704437
41.7246159404159
42.8404780056207
31.5556006628488
41.3151414256791
40.5236769048948
40.1260207651004
31.828556865307
40.4789647484151
42.5585690245498
41.2374954862775
41.5681494016145
44.4108478222977
40.0001005388283
41.0706692514866
42.7232851929282
42.6712967313035
40.3817656677956
44.6399430376397
44.8048321246929
41.8313436141685
41.1509252396729
40.7385395288044
44.3943324661814
42.0136382251419
23.5783159232233
40.1382338253988
24.3859349289573
40.630281457484
44.6352555777412
43.5448020931902
40.9766622679308
40.2806150500913
40.326418443583
41.1442245380022
42.8356760220597
43.3887746407258
40.7031163037755
30.8578240834182
42.4579650100122
31.7510571650211
40.3453466222878
43.5011333192233
41.6722845403073
42.9688332462683
44.0994841593783
40.7260486032027
44.2746772807733
40.2373657603249
42.7839775564389
43.9753452504679
42.8669168840061
32.9324544982519
42.0561683839527
44.7724807564647
41.4270463073626
41.3550587278722
44.7652597185605
44.3511744141578
43.9388775484837
42.0451194835604
40.2075295930263
41.9680732495369
40.0096095482047
42.2871442534961
43.5396391083486
40.1105066442683
30.4535122032615
44.6494954428194
42.9161165914782
44.5470725634076
40.7379789658131
40.5709914750394
40.4498460464163
42.6640985855042
40.1712614799934
40.695924318643
40.7807612980213
40.5772134528625
40.5744243231914
44.636842739472
42.2776380863788
44.9911830680057
42.2213918820662
44.6708102739961
41.6539631921345
30.8280540320557
40.7768165979778
41.0258977903326
40.4986564635886
40.1119146284488
40.1482050942483
40.7310344928856
30.0476808623931
32.5507080650423
40.8732960634624
44.8151290166017
44.386547759641
41.9365613801574
41.7227743263324
40.0006152147332
40.3341161052576
31.7945051812487
40.465006852745
42.679046686397
40.0037508870417
43.05130140041
11.9510409924412
30.1475068306985
24.9589163651265
15.7360398514589
31.3288965441938
23.0195808039098
30.2592154564894
41.9435133971274
