44.5726776188907
40.7494662406226
44.6805833755964
44.9981091654934
44.348764300812
43.9622591889907
40.5941714416258
42.8361731523182
43.3804353498749
43.3154114987701
43.1040884897967
41.0148241511597
40.2733815156321
40.0066901910196
43.6229925516378
44.9333104817918
44.0469051865348
40.2173306234181
40.869891020208
41.0467419365887
44.0304452578456
44.8436989825257
43.1129920695833
41.0935755677767
42.934855716823
43.0456673737222
41.6803085917199
41.4891825076245
44.4846293563023
41.1329853080679
40.3423270581737
41.4636562795977
41.8493524915539
40.364743824102
41.2343646991236
44.948084941927
41.2011464864741
42.4839038343634
42.2482910747946
40.8922482771568
42.5447574938567
42.8670631872956
40.4173908808809
40.3007110796443
40.2342409954872
43.4788172781861
41.8279914476443
41.2065323116258
42.3842369166235
40.7805951103167
44.302315186942
24.9465546407737
41.1243893296977
42.8824497758344
42.2413020321967
44.8955199371872
43.8488693572716
43.9079885212448
44.9995914386742
43.7640343144493
41.1773006431758
40.0974104609511
40.9278026514221
43.0234767141509
44.3920860907239
43.4623292984907
40.1834794832502
41.081929836655
40.2078044968281
43.9844596663309
43.0635542397177
44.725286229744
42.3437023686711
42.6109184089669
42.8056093815683
40.7568681469593
44.6818001242355
40.0663517474711
40.0043074228343
41.1877544206362
40.9701853370635
44.9069903259756
41.7250134599394
44.7359862758461
43.9886773357512
40.1452705014513
43.8140190361288
42.4024085944984
41.3858446665108
43.4052523345378
43.3604861208569
40.3084114909584
41.9854720559202
44.3448394011564
44.6765530601852
41.7643641470931
44.8323624955123
42.8101195679356
42.6348228898796
40.5508504679892
44.8036058196582
43.9972690721004
42.3550302393136
42.5358153110628
44.1761094889919
43.9745367430786
44.8812884488143
42.3062160110567
44.2588687047828
44.2681610201755
43.3644913362812
41.8352552295778
44.9087122199626
41.6978087338141
30.8197792544961
40.4421308083253
44.3854156503974
40.5344344746066
30.9347791539039
43.184004490147
40.0086820015252
41.919684764216
43.1295135414755
43.8891688000876
43.8159848908996
42.1558449126314
43.1845904898364
42.7393733989447
42.7587325809509
41.7502413666807
40.7922749966383
42.831397036789
44.700616155751
41.9224091191916
42.7482519557105
43.0892327311449
40.5501519529099
43.2928616487935
40.0488294269199
40.8183955703862
42.5079955251805
42.6271309074946
44.7484876587987
44.7149786969232
40.5305369576816
41.9475592415491
41.9804501533076
41.074220891464
42.2491636423271
44.4444874416696
44.9256747375452
44.6939585912391
42.7450645186185
41.4421002832634
40.1421097676398
44.966685640371
43.7829485839905
44.6981614285323
44.9240382516291
40.9965076879598
43.2342899590731
40.1647388539277
40.4225848417263
44.158816037184
41.8241893814411
43.1929048419709
42.3975191676596
40.132121065878
40.277757866109
40.09856358869
44.5261634402562
43.8644175918307
42.5434801170862
44.0957824041337
44.0932082815561
43.2651577751866
43.5071664477206
42.7396087092347
41.8406075040203
31.505332669476
24.7204137704207
44.3965249564804
41.7853562682456
41.2450760560293
31.0517352477182
43.4754045416206
44.9923087890904
41.0511849215254
42.662432970363
44.7395292949114
44.3411127638835
40.6117440201342
40.0203014106235
40.5178600209861
40.3976515714345
40.1575206658567
44.4879923848839
44.1454594879683
43.9814451743884
40.0572737408502
43.822746384473
42.9441557131518
41.3449768594
44.9067797732996
40.2672013857119
40.9476673389617
41.4529477327457
43.264992892135
40.6645593069882
40.01208135683
43.9889059239067
43.4185857814737
42.9825974666778
40.4236499825493
43.2609992553973
44.9078600429149
40.0239349869985
40.8882363830188
42.7186733658891
43.6784069442402
44.4323461502422
40.3198929934297
43.7630436068866
41.7366067251589
42.6098554162309
41.3956919895606
42.6086350879632
41.5454369843716
41.1917296226805
41.8039548032304
43.3464952651411
43.0560493136772
44.9330900113819
23.3196890385511
44.9818466887926
41.6154774976894
40.0169630446473
40.6367518907057
40.424052328853
44.500543654563
44.2725421255454
41.8811853518514
44.0459698006614
40.5152200450306
32.390507453486
40.0161615888397
32.9701044929679
30.512776248157
40.2219863164627
40.0879629229085
41.3388477402692
40.4495565002087
43.1190366658888
44.7265267244781
44.9023948764874
42.6552544302987
44.9415238636336
40.013109576163
40.2091728757723
44.7374753588022
42.9228353663348
43.8149399368558
44.7638977853532
44.7359132936151
40.3099639852759
44.9376444981742
43.1613834394435
43.7073034591393
44.1208900487417
41.1826922572441
42.0651977336415
41.9747360487393
42.2994244068496
44.4067179252717
40.0943820192967
42.972566713579
42.1444039640163
41.4952988056235
41.3545968067895
42.5156274597466
44.575480959611
43.148499339415
42.7715565286592
41.9007143754196
40.5517064256128
41.9007581598123
42.1148346491022
40.2035234517988
42.882597102944
31.9324038232129
42.0528512515986
42.5822427275125
44.542966732526
40.9520022450076
44.812673552475
44.8224118482056
41.9061016528932
40.0593324680813
42.2242588165682
44.2829180008266
42.081654823227
44.7755571058951
42.8768283344812
41.8684487266355
40.4452223610133
40.3396702749184
41.4700748413237
44.0750129974913
44.1970060963649
44.9215180279278
44.9968684863799
40.7971541281607
44.570109286425
42.3580804700032
43.1280115150335
44.9866326630581
41.5738347289152
44.9738273276293
44.1662652211699
42.4747359741856
42.1827978098365
42.2219831684313
40.6270747131202
41.9039661018178
40.3645190347661
42.1286610630632
44.1149022101282
41.2769006753586
22.6797106959831
30.0300520868525
43.5480777383782
43.4010333184537
43.3707611297723
43.9714352579926
44.9411395655784
42.0906821377646
40.9987907158211
44.3790329166222
42.5800712103955
40.1071799350695
42.6094015493017
41.3862799946116
44.8275815369561
31.5729146485257
43.3058435495187
43.1837487674784
41.3806201429825
42.0438154053409
43.812630897155
44.0048295309434
44.7709669816344
41.3724003672073
43.6186659523357
44.8794073742201
40.0023838960181
44.8231400021856
43.8004998886026
44.59988269801
41.4261835075855
43.9829912816494
31.8666209725197
30.1025431432862
30.9514979857486
40.3726079200756
41.2605275897506
44.8350971841884
41.1909851885866
44.3186750204768
42.7986563890935
40.0067797806916
43.6437420282999
44.605990059486
44.4222053966951
41.4884414446484
41.7293016833719
42.04237179065
44.9037643149495
43.6492112313863
40.9712182404473
44.1157440426596
40.5023866012656
30.6424773619238
44.8620975145604
31.9683624361642
41.8224333302438
40.8074549455498
41.7405389726628
43.2065797711632
43.7721740431152
30.0555118561625
10.9010233429726
40.9508992239672
44.6946137448587
44.184002982604
40.1358136208728
41.736366849082
43.4996067616005
41.3315922842156
22.4094401090406
40.906370060984
40.5821514813183
42.0163129817229
43.5319068272239
42.383219008334
42.4192029702596
41.3640081417196
40.1589763542721
42.2516737256359
43.0684659711551
42.7826619626909
44.2133237964535
41.8490599140279
42.1785716817249
40.2507876092568
43.4610556009127
42.9157443367876
42.9531100384445
44.9989332908484
44.7075955718538
43.3022249350324
41.3520598774955
43.8379869039636
44.4649685921121
44.7643409574591
40.2471535008897
44.8604260148237
43.991701445939
40.6611246542844
40.4492912325077
44.7444147378533
43.2132452914877
44.8414947198948
40.4003253644912
43.0244415408789
42.1551689796615
41.4504547881003
43.7669192075669
44.4775071339535
40.6984232892313
41.5118271042593
40.5508915195242
40.8433992503468
40.1015100486305
41.6183977974565
42.7578126860317
42.1122120486581
41.8310256692074
44.3577861727681
44.5151798139805
43.573144444963
44.3186444846263
44.218266797252
40.0005812106493
44.920939619425
43.6950154229389
44.0988562439861
44.6683787181639
40.3338284959644
42.0613879803568
42.7159171842504
41.4171830273699
44.9674047436251
44.3829414899306
42.8747622563969
40.0398861847324
42.8469018968728
43.8430054311175
44.9455510600467
40.0186551185377
42.6337429205887
41.4860962764241
41.2215419689638
40.7316165737984
42.0254548373223
40.5929613506458
43.4422313724675
44.2481239896141
44.3745381549713
44.4144131500421
42.8183299361262
41.2565960397478
42.8643170767464
40.0742801302436
42.7826322747317
41.6117074962982
43.9937332682768
40.3456136048771
44.9665354263798
44.4386932142732
43.7535972784633
40.5873386616184
43.1378655598793
43.2660769369095
44.9615812767045
42.0806865591237
43.9227893411404
40.4278953754233
44.6614290551699
40.0930096703709
42.1015692043343
44.5456538966391
44.5033683719748
44.6405232842945
43.6576519304692
44.9775912146618
41.5278547792695
41.7960953530872
44.9963653795561
41.5569621666453
42.9919842027239
41.074429784792
42.2240706446068
44.8244583154456
40.0086258824023
43.0293857907973
44.5035286245154
44.2720408626319
44.4866009332847
43.3025028399316
42.8343631932512
44.8463620800932
40.4993207985955
40.1436545593797
41.272387867626
43.0372109103961
40.5956039408396
40.052105360171
40.2880962483518
43.4446684306022
43.267804213101
40.4642331701361
43.4127451782115
42.068393320078
42.4651899731731
41.4735311102907
30.4873795935418
40.663662208699
44.0278905862942
40.1492894445829
43.433637513022
44.8269008453934
44.5712941493048
44.5951258965042
42.0336721162312
40.1079052031084
42.9381298215594
41.4035436243284
43.0373513952809
43.2585944620787
44.1151000087982
40.7287690660335
43.617670226933
41.1131335704529
40.7982625517632
42.077930761734
40.6223453825805
40.4680883810773
40.6158406417269
44.5193070214585
44.445910282368
40.0069274174494
42.8219227472002
41.9983755909833
44.2229643447075
40.4293812314494
43.3575524040498
42.1712226608716
40.2862845880862
42.8979631144036
44.4495913607534
43.081168085095
42.6409964391496
40.8760685550585
42.2084051021375
42.1365812397552
41.5623203350697
40.226424655918
42.9237028444186
41.5134193425837
42.4466575740555
40.7076971393665
44.0881497855298
44.0415558675986
42.0711229970451
43.7397684075404
44.1042881497459
40.5455202233522
40.06587624726
42.4570286776237
32.043453413251
42.807099801265
42.2268998995325
41.366506627528
41.5876445561042
42.4036553031593
41.9990488595329
41.6981864778791
40.4825561179314
44.3373713339679
42.7057555207544
40.2626617639598
40.8760359918233
40.3123551397914
40.7875923102256
44.2878752908649
43.7014862292954
40.6886126906517
42.7828625112306
42.2391779716922
43.8641903421561
40.4054833891909
42.1172147574325
40.5208646786633
43.5893992151882
42.2639221767895
40.2211992965561
44.2638048727531
40.6123445902539
41.8404813665964
42.0744910265785
43.3712297363672
42.3894342858275
44.3389016357728
41.4275609224569
42.3452570301015
40.8266729288027
44.8580528341384
44.9607324239171
44.7365742173789
44.9584805934855
44.5002313890236
40.8766485411399
43.6686108550521
42.4264843973736
42.0021069038194
40.0866988658615
42.9167647498542
41.0300708995378
43.8542077296447
43.6168355366527
44.6259008603524
41.4426511517318
44.8160146459417
40.6347537789482
42.3674501316733
41.7677684384726
41.5161616390105
41.8806875284611
41.1294041422661
44.3237837729976
44.9542857073037
41.2364960489799
40.0512032423528
43.3672403602395
41.8318105369282
42.7974237443414
44.5875612157397
30.0407347848883
41.5877762343735
41.8050339889529
43.4624862622479
44.4190014080925
42.7451172275792
44.9019997658576
43.8520333129214
40.8764305484996
41.3671719084959
40.6113597066599
42.8863367170561
42.1354496898777
40.3047280406079
41.2091902818065
40.65908487862
42.2149898623004
41.3960851111406
24.6794880856121
40.2629837490708
42.6219237318206
42.2637011576444
43.4196601280806
40.8935398822256
40.4527382122811
42.6066037716921
40.7543571702559
44.9296677701545
43.7349355444357
40.9704408024435
44.393777580699
44.2535613095408
44.9713083894456
40.8771437871203
40.2380051416688
41.8446394696366
44.5351599686059
43.6468749208276
43.5544881823623
43.1339896330356
41.6592297090234
41.7168869834859
41.3604795071296
41.2075018822013
41.2995202851668
44.5177338455013
44.35819603852
40.9519664481236
41.0159726096327
40.2487729371026
41.7514777673544
40.8041713520137
40.8693099404115
44.9188959307503
42.4411014525685
41.463428443095
44.5358149011336
44.9697594394706
44.8666841776644
44.3806379021806
44.5079945517866
41.5689280227283
44.9168701647456
41.1127726231907
41.4900976755683
43.5202263959218
41.7492614717493
44.5461357959246
44.4314361969009
40.8449326383148
44.9450695714526
40.4550820769871
42.0581997367704
41.1796569016041
40.4448011866098
41.3189425426266
43.5379975127299
44.7952907387981
42.4202538724057
44.5302366744551
43.3769391194253
43.2637806493199
40.0466336289488
40.3731074097677
44.3596335522088
40.6486060290649
43.5050059639176
23.8966248932941
30.1049765225231
40.4059549806827
43.912950711274
42.1919010096415
43.0853381629705
43.7154693237972
40.8073470089585
44.83269761749
40.1418625953333
41.3041593846464
44.1923656314611
42.9716955428012
44.4671069452469
43.7638811517713
42.1557855023796
40.5556526184039
41.31631509587
42.5191462905024
42.9719808639493
44.4990726991091
43.2349048194678
44.0171987516806
44.8119286249857
43.0784530529736
43.0369712306752
42.7810904220678
42.222404191961
44.4436125353417
41.7697929190564
44.5241798774805
44.0076687023975
40.3204933954139
40.1764207303045
23.405600634517
24.3212972837978
43.7084382586181
44.9965768196121
42.7022652405719
41.0671833650056
42.3835632921721
30.3642073943116
40.1155655501848
40.0665495460399
40.6889068618459
30.1810618734453
41.6017068837102
44.9639105435926
42.6964123401051
42.7659757964176
44.9818152314957
41.8752974018845
42.0989666855894
42.3919281524673
43.233166259015
40.0009061821909
41.7563869257857
40.18927478448
40.1650486897389
42.6510292396415
43.8650823816905
31.0284946551959
40.129166936757
30.4323865762139
16.1552463686094
44.8157815465836
42.6445425799632
40.9551697116226
40.1517077892734
41.2232005270198
31.9161440265515
41.7063641255943
44.5297574042343
44.0760723967105
43.8045480678266
42.2825608230587
40.1558191704443
42.9135768151798
41.4583210158091
44.9614431316216
44.7727334053887
44.9184734959527
41.2511512287892
43.5423815495268
41.676439522686
42.5409724982455
41.4083574809358
44.836264400148
40.3293616557494
41.1121455103735
40.6314472464333
31.7980716268819
43.7866153353905
44.443381637102
40.5409137500931
42.5741024001036
44.6376904939131
41.7601545511904
42.3949670893656
40.1823638318178
42.6542661002041
43.7375185974719
44.9588127869732
44.7612108356166
44.8904979457537
44.4626008424918
44.7079424259196
44.1093757026829
44.6927496656546
43.6427332435364
42.7856080060223
41.8079969671142
40.0962619207397
41.7625508388366
40.1011898042298
40.038686329497
43.0628290410803
44.9944325280044
44.6998158048564
41.834928048108
44.1061487038664
44.5294911183643
41.0643039105346
44.3053534360166
40.8130284063008
40.7548661730353
44.849003058164
43.0866464322371
43.4247671207413
41.7267663369421
44.6354461509
44.9730459545895
44.711482861168
40.6333935567614
44.494401515187
41.1397934422725
41.5380284225904
40.334648789374
42.6532465341902
42.5702280495926
43.0252222948563
40.0030112946441
42.4668793353897
44.0465726788797
44.2599855724929
44.4331415256668
44.3973837951697
44.9894603766019
43.2540671306197
42.8493848955259
42.5842974102977
41.0204972855239
42.6356699360494
42.9119502276457
42.5251554352654
43.5535598026858
44.7455068971228
43.3738147152538
43.6089266556206
42.621050250018
41.0865198133979
43.3934906859266
42.9806393571198
40.7317603160281
42.6466788902797
44.5208369045057
43.16120558542
43.1242069594575
44.9180829091112
42.7730683780662
43.0030522109235
42.2397986063341
42.6932100063776
41.8206282146275
40.5381807609424
40.5387686817809
40.6948283603738
41.9580388693298
41.7176660019553
40.0839903230296
40.4377512873113
44.595993731335
44.2702754578501
42.0414757371199
42.7555946435314
41.123460204769
40.8204812637996
41.7899814803565
42.7892898561194
42.0783528936847
44.2266227822559
40.8170538376128
40.875161593334
40.7789511914963
42.5683616905008
43.9718565665594
41.6038509015925
42.3870524992889
41.1606594495918
42.6019893515404
43.6478800178038
40.2778409363005
43.2938256720616
44.6657346314241
40.9619086771272
44.8171786443427
44.8892895907015
43.016313216649
43.8678500604284
42.3206403222866
40.2913542184979
40.8227184621947
40.4223805570862
40.1535946760315
44.0477284418123
42.9360917507059
44.7580458814423
40.6060854581074
41.3978171562192
44.9005298243039
42.5668899944527
44.5916543678969
40.3681451230056
41.1960459385879
44.6881352677095
44.1712365481403
40.3492744558025
43.1557477544575
40.0561055184646
40.5983066598828
41.3223163375395
43.4490643092431
42.0742402960531
42.3137747012129
20.9747023501945
41.372915691503
30.4886138029397
43.7375078430534
43.1137371348161
40.0485236041577
40.7105242291395
44.5971252580395
43.9216143544763
40.1522786492265
44.8578323945321
42.2480164419794
41.9354160886724
44.3651996890549
41.1045658978695
43.9117925188289
40.1732862743818
32.6415274696449
44.5919209998101
42.5007807841164
43.1200460354429
41.4682405521799
41.4314449893695
40.5730668711476
44.1974743383325
43.1591305730399
40.6979067157954
40.5557587792422
41.295171638485
42.6805831055355
44.8756503926912
42.0927250881113
44.9952625473677
41.6914384020492
44.5666490378521
40.9723892309387
40.0990015577326
40.748691394363
43.2266225830096
40.9891430477137
41.6409637135748
44.6517138437053
41.045989296858
40.6504584982634
41.7437618211268
44.3523042819486
44.8751109650314
43.6872716237314
40.5837851203686
41.4065071475506
40.0053355424748
31.3576272858772
42.3721620902706
42.9049807100091
42.4557354580611
44.8465733020589
44.0358851151896
44.7888672854929
41.6868488398632
32.6447353491881
43.8551213720348
41.1778275661506
